:party SRS
      БК
     4080     1020     1830     9690     1890     9870     9180    12210
     7920    26340    10560    15570   450900   611070     3900   884460
      SGD-2
     5040    57180   499230  2135550   131010  1359600  1938600   286740
    43290  3446700    10320    33660   715530   323700     4320   247710
      SP-1
     1260    16920   389760  3281700    23910   963090   357840   162030
    30180  1987830    27060    16770   215400   438180     2730   499710
      SP-2
     2070    12840   366540  3747540    10500  1015110   141840   176280
    26400  1513410     9150    16920   212640   467820     2280   482820
      SP-3
     1440    29700   445140  2907210    28890  1182750   644580   159810
    32640  2410920    17880    16110   210570   346800     2340   468750
      SDPS-1
     1170     2940   146520  4772520     6060   494610    59250    63690
     7620   523380     9990    12120   271020   472110     2190   656670
      SKR-1
      360    11970   554010  2770890     9540   422910    21510   365550
    21570  3658530    17880    15600   206730   382860     2040   546090
     SSK-1
     2160    36750   363060  2442060    18630   944910  2451210   110010
    27300  1929240    19050    13860   287070   370860     4950   595350
     SCHT-1
     1080    15480   354900  3275640    25680  1006710   353490   150120
    30180  1766010    26850    15810   294480   506250     3510   692460
     KK
      240     4980  1191360  2070240     8310   437070    64620    47100
    10290   586800    10680    13230   406650   564930     2370   883320
     SDO-9
     4890    34560   452400  2286990    76230  1102980   619740   204060
   503370  3615180    71550    26820   215670   283920   174000   452400
     SDO-1
     5400    35340   372630  2169690    21420   566730  1904940   148230
   291720  2838360    97020    68340   283650   293580   235380   501840
     SA-1
     3060    26070   574320  2678580    18120  1363800    95400   191520
    17460  3127950    33600    23280   216120   338820     6630   508320
      SSL-1
      300    28500   579840  2783550     2850  1480290     9300   214170
    45180  3312810    11790    27420   168240   310050     1770   471720
       GL-O
      330    41400   192090  2459910    31860  3175230   228360    18750
     6540  6024900     7770     8940   219750   295260     2790   615690
     TV
     1980    18330   709500   2696340     7770   1681980    33450   197670
    19470   3010800     7110    23490   229830   329010     1980   526140
:party Почвы №16 (Акулова)
      БК
     4410     1140     1890     9900     1950    10200     9390    11910
     8010    26550    11190    15870   451170   608490     3870   879780
      СГД-2
     4920    57630   496650  2138520   132120  1353630  1941210   287280
    43230  3427200    10290    34140   718320   323760     4380   243750
      42А
     1620    40650   320610  2002140    38610   775830  3347640    98700
    27900  1794870    24090    13080   202740   264840     2640   426120
      43 А
     2250    48510   324150  2094180    17760   690300  3600480    96930
    24810  1702350    21750    14040   207690   238620     2760   335820
      44 А
     1650    41520   367110  2180430    21300   788520  2910630   124710
    32760  2124360    16650    14670   233250   292140     2430   469650
       45 А
     1980    35760   428910  2497140    16740   832140  1571610   161070
    35310  2474010    13950    16950   228750   329640     2250   469050
       46 А
     2580    37710   409380  2433930    19470   846240  1700850   154080
    31110  2458140    19470    17550   255510   323490     3540   461400
      47 А
     3030    33480   456660  2640450    27270   861450   552600   168600
    34320  2431140     9810    19050   255300   326430     2460   390330
      48 А
     1110    17190   540450  2274810    55200  1026990   425100   181170
    40380  2981430   100920    23160   277620   352530     3960   566670
      49 А
     2790    24060   467700  2874060    11940   781080   444870   198120
    40620  2677080     5400    21570   244170   356190     1920   460680
       50 А
     2490    30660   483570  2738490    19080   918210   471300   183930
    37530  2899230     6510    20790   238470   330060     2130   440790
       51 А
     2850    34440   471540  2694000    20250   794550   547500   183570
    37110  2924250     9390    19950   230310   297120     2340   392250
      52 А
     2640    33660   455280  2582010    22440   795420   868320   174660
    36060  2715780    14130    19470   241380   321960     2310   430260
      53
     3150    37680   409650  2582640    21000   745500  1483020   144780
    28950  2289510    13320    18000   253590   330450     2670   410010
      54 А
     1950    28980   493350  2617890    15000   847080   632460   191550
    37260  2996460     8610    20220   228930   328260     2100   472440
      55 А
     2160    35040   441630   2556240    20190   838050   1240050   162990
    31740   2669250    18450    18480   242190   321660     9510   458550
       БК
     4710     1050     1860     9840     1950    10200     9540    12120
     7860    25920    11040    16170   448620   607680     3930   876660
       СГД-2
     5040    57270   493200  2139540   131160  1358700  1943640   287160
    41550  3428670    10500    34020   719220   323640     4440   241290
    56 А
     3480    31710   374640   2920440    15090   865920   1171980   110550
    23250   1654620     9420    16650   255570   305370     2250   368190
     57 А
     2280    30630   488190   2654130    18360   837750   495780   192960
    42750   2847870     8880    21030   231090   328230     2220   434610
      TB
     2130    18390   702600   2699250     7650   1687290    33180   197730
    19530   3050040     7050    23310   230760   329940     2010   528150
    GL-O    
      330    41610   192060  2469360    31590  3196350   229680    18810
     6690  6055200     7710     9120   221580   297150     3000   618150
      СП-1
     1230    17010   381390  3277380    23970   960780   357300   161370
    30450  2001090    27360    16710   213240   435960     2640   495390
     СДПС-1
     1110     3090   145620  4771140     6210   493620    59730    63390
     7500   522030    10170    12090   270150   474150     2070   664230
       СЧТ-1
     1080    15390   350160  3290370    25890  1005660   352590   151200
    29820  1778190    27030    15780   292530   506910     3510   691500
     СДО-1
     5550    35040   367800  2170020    21330   564900  1905810   148080
   291870  2853570    97080    68550   282810   292980   235620   499560
       46 А
     2670    37830   407250  2435640    19470   847020  1701840   155100
    30930  2468700    20040    17640   256020   322410     3540   461580
      47А
     3180    33450   453780  2645280    27210   866340   555450   168270
    34290  2449320     9900    19650   254370   327240     2460   394710
:party Монголия №13
     БК
     4680     1110     1800     9720     1920    10350     9240    12030
     7830    26760    11520    15990   449340   607800     3960   870960
      СГД-2
     5040    58260   488430   2132070   131670  1355490  1939710   288330
    43710   3438150    10410    33780   720450   322800     4200   241920
     1м
     3630    22560   425370  2704410    27690   967140   908640   147810
    26220  1962960   173490    18330   328890   357750     2520   473430
      2м
     4950    19320   418650  2929080    22680   928020   618750   161100
    29280  1634010    24060    17160   289650   422310     2670   420780
      3м
     3690    21390   450810  2733600    26070  1059780   740160   153720
    35220  2288490    26670    19470   300420   389820     2340   542010
      4м
     4470    21000   418110  2843460    25680   975840   779280   156780
    25740  1646130    34710    17790   309090   435480     2640   440880
      5м
     2880    30750   426450  2496990    32760  1003620  1342500   154800
    33720  2355090    34020    19440   313560   343560     2730   499530
      6м
     2460    22770   438270  2454540    53550  1077990  1174470   140580
    37020  2479590    80730    20580   351390   444450     3000   695850
      7м
     3450    27810   462480  2711790    24090  1087080   623760   161250
    41910  2423790    59700    19020   313140   417600     2310   633900
       8м
     2790    20880   452940  2638860    34770  1029930   523350   183030
    36420  2469240    55620    20490   323070   404880     2370   572010
       9м
     4290    16230   424830  2900190    36420  1091700   422760   110010
    25740  1583700    34650    18720   285750   330750     2400   494070
       10м
     3180    22710   478590  2745390    28290  1121880   494400   152130
    28890  2353950    41040    20580   331500   427020     2490   648690
       11м
     3660    15000   395730  2788320    28380  1075590   369420   114720
    38640  1578450    46470    18180   332580   424920     2670   666660
       12м
     4470    18060   440580  2980470    15750  1063620   425700   127590
    26340  1485240    20400    17820   329160   442800     2370   639420
        13м
     3690    24840   446130  2638260    30120  1007040   916860   166740
    28590  2239170   147990    19200   337200   427770     2490   538320