0 0
1 0
2 0
3 0
4 0
5 0
6 0
7 0
8 0
9 0
10 0
11 0
12 0
13 0
14 0
15 0
16 0
17 0
18 0
19 0
20 0
21 0
22 0
23 0
24 0
25 0
26 0
27 0
28 0
29 0
30 0
31 0
32 0
33 0
34 0
35 0
36 0
37 0
38 0
39 0
40 0
41 0
42 0
43 0
44 0
45 0
46 0
47 0
48 0
49 1
50 2
51 0
52 4
53 4
54 10
55 16
56 29
57 64
58 107
59 158
60 288
61 494
62 828
63 1180
64 1837
65 2882
66 4314
67 6147
68 9097
69 12703
70 17768
71 24613
72 33194
73 44596
74 58721
75 76029
76 99131
77 126740
78 159807
79 200691
80 248441
81 305914
82 373841
83 452568
84 541955
85 641280
86 750045
87 869434
88 994871
89 1119786
90 1247348
91 1367476
92 1480473
93 1578506
94 1658468
95 1716573
96 1744018
97 1749673
98 1725983
99 1684366
100 1611891
101 1518644
102 1409395
103 1287358
104 1159633
105 1029417
106 897705
107 771894
108 653432
109 544623
110 447022
111 360940
112 287478
113 225601
114 173560
115 131846
116 98989
117 73083
118 53459
119 38381
120 27241
121 19020
122 13170
123 9013
124 6184
125 4128
126 2969
127 1963
128 1390
129 982
130 758
131 531
132 440
133 372
134 290
135 303
136 250
137 240
138 195
139 195
140 211
141 215
142 175
143 125
144 110
145 116
146 106
147 81
148 75
149 68
150 60
151 103
152 182
153 200
154 236
155 223
156 237
157 265
158 288
159 465
160 737
161 1281
162 2175
163 3788
164 6092
165 8730
166 11426
167 13220
168 13670
169 13768
170 13649
171 13379
172 13310
173 13350
174 13249
175 13101
176 12706
177 12805
178 12720
179 12547
180 12392
181 12502
182 12179
183 12250
184 12118
185 12096
186 11978
187 11907
188 11748
189 11802
190 11670
191 11454
192 11574
193 11498
194 11513
195 11411
196 11321
197 11412
198 11410
199 11363
200 11273
201 11189
202 11384
203 11416
204 11285
205 11499
206 11201
207 11272
208 11032
209 11202
210 11114
211 11134
212 10938
213 11132
214 10996
215 10718
216 10642
217 10517
218 10464
219 10595
220 10320
221 10273
222 10252
223 10203
224 10113
225 9901
226 9880
227 9891
228 9624
229 9707
230 9639
231 9406
232 9649
233 9659
234 9659
235 9434
236 9452
237 9364
238 9542
239 9461
240 9592
241 9515
242 9759
243 9742
244 9701
245 9856
246 9973
247 10089
248 10239
249 10305
250 10555
251 11007
252 11156
253 11447
254 11678
255 12397
256 12818
257 13350
258 13954
259 14970
260 15735
261 16614
262 17816
263 18636
264 19787
265 20934
266 21836
267 22968
268 23626
269 24833
270 25096
271 25777
272 25863
273 26170
274 25824
275 25979
276 25205
277 24363
278 23855
279 22861
280 21646
281 20701
282 19362
283 18306
284 17100
285 15956
286 14900
287 14080
288 13101
289 12261
290 11598
291 11138
292 10650
293 10247
294 9874
295 9781
296 9287
297 9208
298 9316
299 9187
300 9180
301 8997
302 9151
303 9099
304 9128
305 9272
306 9420
307 9429
308 9476
309 9317
310 9421
311 9443
312 9362
313 9310
314 9250
315 9283
316 9034
317 9135
318 8882
319 8629
320 8675
321 8530
322 8340
323 8370
324 8290
325 7975
326 7707
327 7886
328 7709
329 7637
330 7616
331 7537
332 7555
333 7372
334 7304
335 7286
336 7160
337 7213
338 7269
339 7131
340 7349
341 7288
342 7456
343 7251
344 7361
345 7446
346 7463
347 7621
348 7648
349 7417
350 7781
351 7767
352 7848
353 7920
354 8030
355 7875
356 8069
357 8186
358 8184
359 8267
360 8296
361 8321
362 8425
363 8480
364 8448
365 8445
366 8591
367 8642
368 8679
369 8789
370 8542
371 8844
372 8735
373 8793
374 8579
375 8666
376 8856
377 8700
378 8682
379 8660
380 8628
381 8294
382 8422
383 8286
384 8336
385 8282
386 8162
387 8045
388 7948
389 7858
390 7900
391 7704
392 7475
393 7756
394 7436
395 7428
396 7505
397 7456
398 7209
399 7186
400 7141
401 7245
402 7099
403 6976
404 7028
405 7130
406 6914
407 6978
408 6988
409 6993
410 6885
411 7117
412 7230
413 7154
414 7398
415 7582
416 7744
417 8194
418 8516
419 8813
420 9079
421 9917
422 10568
423 11575
424 12589
425 13543
426 14996
427 16614
428 18241
429 20077
430 22570
431 24924
432 27433
433 30425
434 33556
435 37259
436 40277
437 44178
438 47892
439 51473
440 55052
441 58382
442 62534
443 65332
444 68449
445 71107
446 73620
447 75444
448 77938
449 79312
450 79646
451 80515
452 81661
453 80840
454 80208
455 79637
456 79363
457 76947
458 76059
459 74392
460 72141
461 70407
462 67941
463 65879
464 63852
465 61397
466 58759
467 55779
468 53777
469 50352
470 47962
471 44782
472 42798
473 40410
474 38115
475 35243
476 33130
477 31459
478 29783
479 28056
480 26557
481 25892
482 25179
483 24447
484 23963
485 23968
486 24240
487 25020
488 25448
489 26337
490 27424
491 28702
492 29786
493 30725
494 32353
495 33759
496 35103
497 36326
498 37400
499 38431
500 38939
501 39849
502 40340
503 40050
504 40040
505 39823
506 39263
507 38493
508 37355
509 36755
510 35483
511 34458
512 32699
513 31769
514 30424
515 28879
516 28109
517 26426
518 25422
519 24367
520 23787
521 22963
522 21870
523 20931
524 20873
525 19757
526 19593
527 19032
528 18886
529 18711
530 18529
531 18528
532 18811
533 19230
534 19377
535 19922
536 20733
537 21358
538 22615
539 23977
540 25235
541 26780
542 28497
543 30713
544 33190
545 34887
546 37620
547 40406
548 43114
549 45655
550 48212
551 51158
552 53069
553 54997
554 57602
555 58686
556 59788
557 60990
558 61988
559 61031
560 60828
561 59849
562 59179
563 57663
564 55930
565 53934
566 51910
567 49519
568 47047
569 44410
570 42238
571 40155
572 37989
573 35499
574 33355
575 31780
576 30279
577 29523
578 28238
579 27533
580 26751
581 26382
582 26628
583 26617
584 27486
585 28492
586 29988
587 31837
588 34702
589 37563
590 41864
591 47041
592 53122
593 60330
594 69204
595 79658
596 91381
597 107139
598 123914
599 144351
600 166626
601 192553
602 222730
603 254976
604 291033
605 332087
606 375636
607 423283
608 473587
609 525964
610 578263
611 633734
612 688930
613 743175
614 795173
615 842888
616 886490
617 927162
618 962779
619 987298
620 1004509
621 1015055
622 1016175
623 1008413
624 991796
625 966764
626 934374
627 896107
628 850721
629 803217
630 751100
631 695191
632 637111
633 581120
634 525740
635 470415
636 419694
637 372984
638 328252
639 286899
640 251924
641 220243
642 193167
643 169514
644 149956
645 134179
646 121820
647 112715
648 105688
649 101328
650 98351
651 97117
652 96564
653 96865
654 98310
655 99507
656 100845
657 101677
658 102454
659 102388
660 102591
661 101956
662 100452
663 98162
664 95518
665 91507
666 87606
667 83323
668 78730
669 73172
670 67576
671 62544
672 57181
673 51945
674 47069
675 42121
676 37473
677 33509
678 29405
679 25684
680 22540
681 19677
682 17155
683 14838
684 13002
685 11505
686 10172
687 9045
688 7870
689 7227
690 6531
691 5972
692 5471
693 5255
694 4940
695 4764
696 4488
697 4308
698 4198
699 4065
700 3904
701 3803
702 3794
703 3708
704 3664
705 3686
706 3564
707 3550
708 3561
709 3619
710 3483
711 3610
712 3476
713 3572
714 3713
715 3658
716 3625
717 3773
718 3937
719 4107
720 4184
721 4291
722 4355
723 4621
724 4592
725 4895
726 4951
727 5052
728 5379
729 5582
730 5600
731 5707
732 5801
733 6292
734 6092
735 6236
736 6095
737 6308
738 6385
739 6270
740 6232
741 6171
742 6114
743 5840
744 5707
745 5680
746 5465
747 5389
748 5076
749 4861
750 4783
751 4629
752 4378
753 4245
754 4111
755 4025
756 3856
757 3641
758 3604
759 3460
760 3449
761 3277
762 3321
763 3230
764 3250
765 3117
766 3157
767 3078
768 3011
769 3160
770 2991
771 3028
772 3007
773 2936
774 3029
775 2952
776 2839
777 2905
778 2912
779 2988
780 2984
781 2810
782 2953
783 2921
784 2922
785 2804
786 2880
787 2920
788 2890
789 2800
790 2874
791 2787
792 2870
793 2836
794 2980
795 2843
796 2888
797 2855
798 2859
799 2863
800 2816
801 2855
802 2813
803 2956
804 2828
805 3003
806 2908
807 2876
808 2981
809 2910
810 2906
811 3029
812 3021
813 2960
814 2995
815 3014
816 2996
817 2960
818 3038
819 3094
820 3057
821 3177
822 3180
823 3122
824 3249
825 3169
826 3314
827 3181
828 3328
829 3258
830 3269
831 3301
832 3333
833 3378
834 3317
835 3275
836 3343
837 3246
838 3329
839 3237
840 3239
841 3210
842 3161
843 3083
844 3122
845 3079
846 3078
847 3069
848 2993
849 3062
850 2949
851 2832
852 2932
853 2982
854 2971
855 2885
856 2912
857 2875
858 2743
859 2746
860 2829
861 2939
862 2767
863 2851
864 2877
865 2852
866 2851
867 2723
868 2817
869 2822
870 2734
871 2733
872 2827
873 2765
874 2817
875 2827
876 2844
877 2862
878 2750
879 2831
880 2942
881 2854
882 2873
883 2816
884 2819
885 2763
886 2859
887 2870
888 2848
889 2818
890 2827
891 2826
892 2937
893 2846
894 2760
895 2857
896 2872
897 2886
898 2793
899 2894
900 2850
901 2850
902 2853
903 2904
904 2846
905 2885
906 2847
907 2891
908 2745
909 2972
910 2990
911 2890
912 2873
913 2875
914 2953
915 2890
916 2886
917 2974
918 2807
919 2985
920 2844
921 2921
922 2983
923 2899
924 2929
925 3060
926 2903
927 2887
928 2921
929 3057
930 2984
931 3039
932 2989
933 3069
934 3010
935 3135
936 2961
937 2963
938 3041
939 2980
940 2918
941 3004
942 2945
943 3038
944 3034
945 3073
946 3074
947 2913
948 3097
949 3114
950 2976
951 2987
952 3073
953 3056
954 3103
955 3044
956 3023
957 3142
958 2927
959 3165
960 3132
961 3090
962 3159
963 3147
964 3231
965 3122
966 3236
967 3218
968 3129
969 3199
970 3105
971 3218
972 3125
973 3105
974 3122
975 3081
976 3165
977 3155
978 3027
979 3225
980 3169
981 3071
982 3145
983 3111
984 3092
985 3230
986 3231
987 3113
988 3106
989 3137
990 3187
991 3167
992 3098
993 3058
994 3101
995 3213
996 3166
997 3118
998 3151
999 3167
1000 3127
1001 3244
1002 3202
1003 3163
1004 3224
1005 3255
1006 3167
1007 3227
1008 3257
1009 3247
1010 3365
1011 3285
1012 3275
1013 3344
1014 3361
1015 3421
1016 3342
1017 3459
1018 3497
1019 3384
1020 3541
1021 3489
1022 3509
1023 3600
1024 3682
1025 3675
1026 3781
1027 3763
1028 3777
1029 3752
1030 3892
1031 4046
1032 4101
1033 4122
1034 4309
1035 4380
1036 4553
1037 4553
1038 4788
1039 4966
1040 5102
1041 5535
1042 5591
1043 6004
1044 6508
1045 7062
1046 7668
1047 8407
1048 9440
1049 10454
1050 12092
1051 13689
1052 15563
1053 17969
1054 20920
1055 24228
1056 27997
1057 32351
1058 38048
1059 43653
1060 50214
1061 57849
1062 66725
1063 76908
1064 86901
1065 99465
1066 112927
1067 127487
1068 142702
1069 159748
1070 176783
1071 195443
1072 214172
1073 235092
1074 253430
1075 273409
1076 293254
1077 312534
1078 330815
1079 347610
1080 364479
1081 378811
1082 390794
1083 401689
1084 408998
1085 414951
1086 417769
1087 416643
1088 415174
1089 408392
1090 401962
1091 391064
1092 378985
1093 363739
1094 348147
1095 330463
1096 311465
1097 292914
1098 271956
1099 251601
1100 231402
1101 211001
1102 192743
1103 173100
1104 153637
1105 137916
1106 121884
1107 107418
1108 94949
1109 81751
1110 70709
1111 60871
1112 52417
1113 44725
1114 38264
1115 31791
1116 27454
1117 22969
1118 19213
1119 16764
1120 14215
1121 12244
1122 10523
1123 9254
1124 8138
1125 7215
1126 6561
1127 5953
1128 5587
1129 5352
1130 5125
1131 5270
1132 4912
1133 4933
1134 4898
1135 5084
1136 4932
1137 5103
1138 5102
1139 5234
1140 5390
1141 5436
1142 5637
1143 5799
1144 5962
1145 6358
1146 6510
1147 6887
1148 7312
1149 7786
1150 8456
1151 8858
1152 9433
1153 10244
1154 11195
1155 12269
1156 13502
1157 14707
1158 15873
1159 17558
1160 19051
1161 21120
1162 22852
1163 24788
1164 27362
1165 29656
1166 32269
1167 34860
1168 36971
1169 39586
1170 42216
1171 44887
1172 47359
1173 49608
1174 52101
1175 54236
1176 56055
1177 57510
1178 58976
1179 60040
1180 60826
1181 60897
1182 61515
1183 60421
1184 59394
1185 58974
1186 57618
1187 55945
1188 54374
1189 52399
1190 49047
1191 46831
1192 44919
1193 41989
1194 39667
1195 36500
1196 33361
1197 31045
1198 28516
1199 26357
1200 23630
1201 21213
1202 19264
1203 17244
1204 15233
1205 13678
1206 12182
1207 10827
1208 9515
1209 8522
1210 7440
1211 6626
1212 6086
1213 5499
1214 4865
1215 4319
1216 4031
1217 3809
1218 3530
1219 3407
1220 3221
1221 2910
1222 2904
1223 2732
1224 2676
1225 2611
1226 2526
1227 2454
1228 2459
1229 2470
1230 2501
1231 2421
1232 2423
1233 2408
1234 2304
1235 2330
1236 2314
1237 2266
1238 2333
1239 2295
1240 2326
1241 2310
1242 2334
1243 2227
1244 2317
1245 2286
1246 2327
1247 2294
1248 2250
1249 2254
1250 2173
1251 2265
1252 2220
1253 2313
1254 2288
1255 2181
1256 2282
1257 2298
1258 2155
1259 2244
1260 2298
1261 2223
1262 2250
1263 2247
1264 2256
1265 2144
1266 2329
1267 2240
1268 2180
1269 2241
1270 2214
1271 2160
1272 2298
1273 2264
1274 2148
1275 2333
1276 2152
1277 2345
1278 2284
1279 2327
1280 2174
1281 2292
1282 2275
1283 2208
1284 2282
1285 2216
1286 2315
1287 2232
1288 2228
1289 2236
1290 2146
1291 2199
1292 2288
1293 2242
1294 2219
1295 2265
1296 2219
1297 2211
1298 2229
1299 2205
1300 2286
1301 2195
1302 2256
1303 2228
1304 2157
1305 2154
1306 2250
1307 2152
1308 2212
1309 2221
1310 2200
1311 2225
1312 2273
1313 2128
1314 2194
1315 2283
1316 2321
1317 2301
1318 2241
1319 2209
1320 2235
1321 2194
1322 2238
1323 2174
1324 2378
1325 2255
1326 2318
1327 2265
1328 2356
1329 2282
1330 2354
1331 2251
1332 2175
1333 2188
1334 2240
1335 2259
1336 2295
1337 2189
1338 2251
1339 2217
1340 2291
1341 2331
1342 2376
1343 2348
1344 2296
1345 2234
1346 2353
1347 2420
1348 2368
1349 2486
1350 2500
1351 2447
1352 2439
1353 2599
1354 2618
1355 2634
1356 2724
1357 2763
1358 2769
1359 2816
1360 2893
1361 2908
1362 2947
1363 3042
1364 3057
1365 3158
1366 3192
1367 3244
1368 3224
1369 3436
1370 3401
1371 3438
1372 3503
1373 3454
1374 3496
1375 3555
1376 3512
1377 3517
1378 3619
1379 3459
1380 3583
1381 3517
1382 3451
1383 3376
1384 3329
1385 3426
1386 3358
1387 3278
1388 3274
1389 3209
1390 3139
1391 3181
1392 3145
1393 3086
1394 3038
1395 3162
1396 3122
1397 3115
1398 3032
1399 3215
1400 3116
1401 3098
1402 3215
1403 3214
1404 3238
1405 3361
1406 3276
1407 3501
1408 3459
1409 3519
1410 3648
1411 3890
1412 3779
1413 3839
1414 3944
1415 4122
1416 4023
1417 4171
1418 4338
1419 4272
1420 4380
1421 4488
1422 4407
1423 4508
1424 4413
1425 4430
1426 4388
1427 4600
1428 4485
1429 4511
1430 4225
1431 4445
1432 4337
1433 4207
1434 4104
1435 4098
1436 4034
1437 3967
1438 3787
1439 3795
1440 3632
1441 3611
1442 3555
1443 3370
1444 3243
1445 3297
1446 3187
1447 3071
1448 3115
1449 2952
1450 2846
1451 2819
1452 2845
1453 2797
1454 2780
1455 2654
1456 2697
1457 2696
1458 2709
1459 2748
1460 2654
1461 2703
1462 2785
1463 2729
1464 2720
1465 2724
1466 2685
1467 2822
1468 2777
1469 2795
1470 2740
1471 2950
1472 2884
1473 3005
1474 3020
1475 3109
1476 3043
1477 3124
1478 3042
1479 3162
1480 3241
1481 3221
1482 3239
1483 3201
1484 3258
1485 3379
1486 3377
1487 3365
1488 3252
1489 3426
1490 3399
1491 3391
1492 3481
1493 3410
1494 3344
1495 3409
1496 3366
1497 3440
1498 3389
1499 3489
1500 3365
1501 3292
1502 3417
1503 3264
1504 3308
1505 3314
1506 3178
1507 3215
1508 3267
1509 3265
1510 3241
1511 3211
1512 3354
1513 3175
1514 3177
1515 3222
1516 3158
1517 3262
1518 3266
1519 3306
1520 3247
1521 3274
1522 3284
1523 3334
1524 3381
1525 3474
1526 3444
1527 3550
1528 3676
1529 3815
1530 3880
1531 4089
1532 4277
1533 4426
1534 4514
1535 4904
1536 5096
1537 5359
1538 5625
1539 6123
1540 6434
1541 6995
1542 7371
1543 7926
1544 8894
1545 9421
1546 10416
1547 11134
1548 12201
1549 13290
1550 14009
1551 15484
1552 16693
1553 17877
1554 19530
1555 20745
1556 22277
1557 23449
1558 25286
1559 26505
1560 28297
1561 29916
1562 31359
1563 32544
1564 34006
1565 35507
1566 36969
1567 37149
1568 38569
1569 39211
1570 40269
1571 40166
1572 40198
1573 40466
1574 40800
1575 40446
1576 40053
1577 39535
1578 38945
1579 38229
1580 36511
1581 35887
1582 34529
1583 32742
1584 31775
1585 29949
1586 28957
1587 27043
1588 25805
1589 24040
1590 23053
1591 21560
1592 19956
1593 18455
1594 17336
1595 16066
1596 14792
1597 13794
1598 12772
1599 12025
1600 11234
1601 10411
1602 9557
1603 8846
1604 8354
1605 7909
1606 7434
1607 7157
1608 6748
1609 6347
1610 6079
1611 5880
1612 5687
1613 5451
1614 5410
1615 5391
1616 5280
1617 5099
1618 5008
1619 4812
1620 4918
1621 4928
1622 4771
1623 4826
1624 4752
1625 4830
1626 4798
1627 4758
1628 4766
1629 4743
1630 4711
1631 4611
1632 4697
1633 4793
1634 4877
1635 4868
1636 4891
1637 5095
1638 5137
1639 5201
1640 5562
1641 5613
1642 5852
1643 6130
1644 6243
1645 6517
1646 7068
1647 7111
1648 7561
1649 7941
1650 8443
1651 8935
1652 9572
1653 9978
1654 10609
1655 11291
1656 11666
1657 12646
1658 12984
1659 13797
1660 14444
1661 14984
1662 15733
1663 16425
1664 17164
1665 17437
1666 18527
1667 18768
1668 19264
1669 19655
1670 20080
1671 20479
1672 20731
1673 20752
1674 20872
1675 21091
1676 20953
1677 21224
1678 20880
1679 20451
1680 20254
1681 19945
1682 19806
1683 19002
1684 18434
1685 17991
1686 17690
1687 16929
1688 16329
1689 15657
1690 15046
1691 14615
1692 14002
1693 13427
1694 12962
1695 12348
1696 12131
1697 11694
1698 11116
1699 10729
1700 10372
1701 10086
1702 9785
1703 9488
1704 9261
1705 9204
1706 9028
1707 9022
1708 9051
1709 8992
1710 9099
1711 9179
1712 9343
1713 9256
1714 9714
1715 9859
1716 10269
1717 10435
1718 10787
1719 11637
1720 11902
1721 12744
1722 13688
1723 14330
1724 15724
1725 17065
1726 18530
1727 20156
1728 22468
1729 24871
1730 27767
1731 30707
1732 34400
1733 38576
1734 43196
1735 48934
1736 55044
1737 62311
1738 69849
1739 78741
1740 88673
1741 99686
1742 111696
1743 124904
1744 139878
1745 157002
1746 173505
1747 192816
1748 212761
1749 234746
1750 259191
1751 283906
1752 309502
1753 336855
1754 366729
1755 395503
1756 425395
1757 457751
1758 489041
1759 521036
1760 552921
1761 583472
1762 613863
1763 645574
1764 670842
1765 697267
1766 722983
1767 744804
1768 766295
1769 784070
1770 798330
1771 810250
1772 816327
1773 820568
1774 820555
1775 818327
1776 812781
1777 802128
1778 789889
1779 772894
1780 752027
1781 730030
1782 703823
1783 679422
1784 650323
1785 619079
1786 587589
1787 554896
1788 524272
1789 490238
1790 456421
1791 424980
1792 392007
1793 361271
1794 332800
1795 302608
1796 275002
1797 250017
1798 224957
1799 201804
1800 180523
1801 161735
1802 143693
1803 127991
1804 113178
1805 99298
1806 87825
1807 77171
1808 68306
1809 59981
1810 52730
1811 46714
1812 41566
1813 36748
1814 32816
1815 29582
1816 26935
1817 25022
1818 23284
1819 21781
1820 20747
1821 19835
1822 19444
1823 19164
1824 19142
1825 18658
1826 18940
1827 18929
1828 19245
1829 19244
1830 19461
1831 20006
1832 20047
1833 20433
1834 20645
1835 20510
1836 21055
1837 21070
1838 21042
1839 21325
1840 21301
1841 21153
1842 21035
1843 20530
1844 20402
1845 20156
1846 19611
1847 19678
1848 19020
1849 18435
1850 17936
1851 17353
1852 16770
1853 16289
1854 15715
1855 15172
1856 14811
1857 14260
1858 13636
1859 13058
1860 12699
1861 12179
1862 12153
1863 11472
1864 11239
1865 11067
1866 10613
1867 10469
1868 10271
1869 10385
1870 9858
1871 10150
1872 9964
1873 10129
1874 10040
1875 10471
1876 10527
1877 10630
1878 10905
1879 11155
1880 11378
1881 11774
1882 12073
1883 12320
1884 12375
1885 12920
1886 13272
1887 13677
1888 13941
1889 14177
1890 14700
1891 14696
1892 15126
1893 15668
1894 15462
1895 15594
1896 16014
1897 15746
1898 15995
1899 15931
1900 16028
1901 15973
1902 15915
1903 15636
1904 15722
1905 15315
1906 15272
1907 14956
1908 14566
1909 14443
1910 14335
1911 13839
1912 13425
1913 13201
1914 12901
1915 12492
1916 12187
1917 11947
1918 11782
1919 11269
1920 11175
1921 10961
1922 10467
1923 10232
1924 10210
1925 10012
1926 9725
1927 9544
1928 9512
1929 9239
1930 9180
1931 9144
1932 9014
1933 8851
1934 8999
1935 8992
1936 8854
1937 8910
1938 8784
1939 8934
1940 8945
1941 9115
1942 9134
1943 9130
1944 9185
1945 9388
1946 9485
1947 9649
1948 9793
1949 10083
1950 10238
1951 10501
1952 10664
1953 11165
1954 11175
1955 11724
1956 11748
1957 12399
1958 12923
1959 13504
1960 14109
1961 14664
1962 15137
1963 16140
1964 16911
1965 17854
1966 18772
1967 20045
1968 21299
1969 22261
1970 23829
1971 25747
1972 27682
1973 29268
1974 31826
1975 34152
1976 36747
1977 39406
1978 42519
1979 45144
1980 48940
1981 52980
1982 56933
1983 60950
1984 65587
1985 70544
1986 75367
1987 80565
1988 86347
1989 92356
1990 98247
1991 105440
1992 113219
1993 120183
1994 129012
1995 136531
1996 146092
1997 155960
1998 166375
1999 176487
2000 188462
2001 200695
2002 214227
2003 226970
2004 241801
2005 257644
2006 272403
2007 289226
2008 307234
2009 324890
2010 341803
2011 361291
2012 380989
2013 399384
2014 418448
2015 437089
2016 454947
2017 475979
2018 492831
2019 510654
2020 525922
2021 541841
2022 553716
2023 565011
2024 576242
2025 584871
2026 591931
2027 597049
2028 599096
2029 601377
2030 598857
2031 595949
2032 590816
2033 584843
2034 576229
2035 564719
2036 552782
2037 539365
2038 526390
2039 508669
2040 491729
2041 474636
2042 457902
2043 440218
2044 421911
2045 403845
2046 385830
2047 368081
2048 353969
2049 336874
2050 319383
2051 305432
2052 291874
2053 278132
2054 266437
2055 255272
2056 245059
2057 234985
2058 226869
2059 220202
2060 213396
2061 206796
2062 201474
2063 197375
2064 193932
2065 191023
2066 187670
2067 186998
2068 185296
2069 183517
2070 183095
2071 183068
2072 182598
2073 182890
2074 183680
2075 184790
2076 184531
2077 185598
2078 184978
2079 186439
2080 185537
2081 185694
2082 185435
2083 184962
2084 183415
2085 182648
2086 179912
2087 178119
2088 175807
2089 172315
2090 168527
2091 165122
2092 161274
2093 156706
2094 151390
2095 145490
2096 141410
2097 135913
2098 129418
2099 123482
2100 117884
2101 111629
2102 105259
2103 99408
2104 93449
2105 87467
2106 82164
2107 76702
2108 71402
2109 66513
2110 61341
2111 57168
2112 52845
2113 48993
2114 45202
2115 42217
2116 38647
2117 35888
2118 33750
2119 31563
2120 29500
2121 27622
2122 26191
2123 24468
2124 23524
2125 22109
2126 21310
2127 20443
2128 19989
2129 19213
2130 18814
2131 18486
2132 18308
2133 17766
2134 17768
2135 17451
2136 17605
2137 17112
2138 17331
2139 17123
2140 16976
2141 17110
2142 16726
2143 16763
2144 16791
2145 16630
2146 16695
2147 16924
2148 17001
2149 17129
2150 17481
2151 17963
2152 18177
2153 18960
2154 19312
2155 20045
2156 21091
2157 22244
2158 23656
2159 25349
2160 27235
2161 29801
2162 31669
2163 34691
2164 38059
2165 41718
2166 45892
2167 50473
2168 55738
2169 61636
2170 67546
2171 74354
2172 81871
2173 89606
2174 98680
2175 107361
2176 117284
2177 127974
2178 137789
2179 148732
2180 161354
2181 173471
2182 185650
2183 197636
2184 211821
2185 223903
2186 235297
2187 249029
2188 260009
2189 272278
2190 283813
2191 294433
2192 305578
2193 313800
2194 322464
2195 329738
2196 336705
2197 340612
2198 345082
2199 347056
2200 348765
2201 348223
2202 346596
2203 343546
2204 340013
2205 334282
2206 328043
2207 320148
2208 311692
2209 302217
2210 292197
2211 281577
2212 269515
2213 257648
2214 244673
2215 232090
2216 219157
2217 206511
2218 192014
2219 179929
2220 167617
2221 155302
2222 143547
2223 132739
2224 121084
2225 111001
2226 100626
2227 91436
2228 82298
2229 74123
2230 66693
2231 60568
2232 53631
2233 47864
2234 42843
2235 38096
2236 33828
2237 29882
2238 26436
2239 23328
2240 20485
2241 18369
2242 15982
2243 14393
2244 13030
2245 11543
2246 10509
2247 9563
2248 8685
2249 8140
2250 7370
2251 7170
2252 6813
2253 6611
2254 6106
2255 6192
2256 6075
2257 6067
2258 5973
2259 6082
2260 6065
2261 6086
2262 6173
2263 6295
2264 6401
2265 6659
2266 6725
2267 6954
2268 7117
2269 7254
2270 7408
2271 7585
2272 7810
2273 8029
2274 8111
2275 8203
2276 8266
2277 8329
2278 8477
2279 8690
2280 8727
2281 8872
2282 8983
2283 8955
2284 8996
2285 9056
2286 9166
2287 9106
2288 9001
2289 8912
2290 8966
2291 9010
2292 9013
2293 8865
2294 8668
2295 8765
2296 8557
2297 8648
2298 8526
2299 8438
2300 8589
2301 8581
2302 8803
2303 8690
2304 8839
2305 9219
2306 9423
2307 9877
2308 10047
2309 10556
2310 11078
2311 11676
2312 12315
2313 13042
2314 14026
2315 15384
2316 16391
2317 18047
2318 19597
2319 21294
2320 23034
2321 24798
2322 27226
2323 29315
2324 32156
2325 34387
2326 37424
2327 40482
2328 43582
2329 47070
2330 50058
2331 53736
2332 57605
2333 61185
2334 64819
2335 67787
2336 71626
2337 75855
2338 79225
2339 82650
2340 86623
2341 89468
2342 92572
2343 94778
2344 97562
2345 99879
2346 101597
2347 103590
2348 104196
2349 105721
2350 106454
2351 106347
2352 106384
2353 105279
2354 104272
2355 103246
2356 102543
2357 99163
2358 97149
2359 94728
2360 91951
2361 89319
2362 86029
2363 82150
2364 79174
2365 75564
2366 71593
2367 68388
2368 64571
2369 60944
2370 57667
2371 54085
2372 51415
2373 48127
2374 44582
2375 41886
2376 39444
2377 36675
2378 34478
2379 32074
2380 30356
2381 28924
2382 27093
2383 25893
2384 24663
2385 23833
2386 23364
2387 22969
2388 22447
2389 22397
2390 22556
2391 22796
2392 22889
2393 23216
2394 24090
2395 24677
2396 25616
2397 26636
2398 27660
2399 28862
2400 30309
2401 31409
2402 32946
2403 34849
2404 36390
2405 37934
2406 39986
2407 41962
2408 43602
2409 45928
2410 48053
2411 49804
2412 51688
2413 54035
2414 56299
2415 58390
2416 60566
2417 62550
2418 64340
2419 66252
2420 68103
2421 69782
2422 71611
2423 73173
2424 74695
2425 76375
2426 77531
2427 78786
2428 79229
2429 80037
2430 80653
2431 81098
2432 80651
2433 81102
2434 80568
2435 80074
2436 79671
2437 78812
2438 77883
2439 76544
2440 75190
2441 73686
2442 71862
2443 69930
2444 68086
2445 66039
2446 63586
2447 61305
2448 59062
2449 56632
2450 54344
2451 52005
2452 49112
2453 46782
2454 44428
2455 42182
2456 40073
2457 38055
2458 35518
2459 33223
2460 31131
2461 29595
2462 27940
2463 26175
2464 24503
2465 22822
2466 21519
2467 20470
2468 19400
2469 18144
2470 16863
2471 16234
2472 15390
2473 14540
2474 13848
2475 13341
2476 12811
2477 12399
2478 11899
2479 11508
2480 11184
2481 10765
2482 10560
2483 10379
2484 10288
2485 10111
2486 10037
2487 9776
2488 9685
2489 9836
2490 9671
2491 9529
2492 9556
2493 9543
2494 9697
2495 9500
2496 9576
2497 9332
2498 9713
2499 9486
2500 9499
2501 9285
2502 9317
2503 9278
2504 9223
2505 9084
2506 9092
2507 8985
2508 8829
2509 8623
2510 8674
2511 8343
2512 8226
2513 7915
2514 7751
2515 7447
2516 7269
2517 7102
2518 6678
2519 6605
2520 6393
2521 6067
2522 5820
2523 5784
2524 5394
2525 5182
2526 4982
2527 4882
2528 4822
2529 4461
2530 4174
2531 4083
2532 3953
2533 3675
2534 3645
2535 3527
2536 3411
2537 3270
2538 3228
2539 3142
2540 3002
2541 3038
2542 2880
2543 2865
2544 2747
2545 2822
2546 2593
2547 2626
2548 2578
2549 2546
2550 2483
2551 2531
2552 2493
2553 2408
2554 2422
2555 2385
2556 2430
2557 2294
2558 2184
2559 2323
2560 2187
2561 2244
2562 2188
2563 2125
2564 2121
2565 2134
2566 2028
2567 2007
2568 1958
2569 1951
2570 1922
2571 1965
2572 1853
2573 1927
2574 1822
2575 1809
2576 1805
2577 1790
2578 1730
2579 1764
2580 1676
2581 1672
2582 1739
2583 1716
2584 1728
2585 1720
2586 1695
2587 1702
2588 1728
2589 1683
2590 1639
2591 1636
2592 1637
2593 1703
2594 1691
2595 1653
2596 1633
2597 1668
2598 1672
2599 1639
2600 1649
2601 1702
2602 1681
2603 1640
2604 1665
2605 1664
2606 1650
2607 1697
2608 1673
2609 1579
2610 1651
2611 1659
2612 1586
2613 1573
2614 1633
2615 1555
2616 1559
2617 1608
2618 1555
2619 1545
2620 1517
2621 1532
2622 1532
2623 1480
2624 1469
2625 1476
2626 1539
2627 1506
2628 1448
2629 1395
2630 1421
2631 1499
2632 1427
2633 1389
2634 1383
2635 1361
2636 1361
2637 1388
2638 1352
2639 1373
2640 1426
2641 1361
2642 1357
2643 1404
2644 1328
2645 1290
2646 1284
2647 1378
2648 1294
2649 1323
2650 1355
2651 1290
2652 1326
2653 1318
2654 1396
2655 1238
2656 1266
2657 1280
2658 1290
2659 1273
2660 1305
2661 1262
2662 1322
2663 1386
2664 1286
2665 1309
2666 1273
2667 1300
2668 1299
2669 1268
2670 1364
2671 1297
2672 1358
2673 1277
2674 1275
2675 1331
2676 1313
2677 1325
2678 1283
2679 1335
2680 1409
2681 1389
2682 1424
2683 1376
2684 1419
2685 1398
2686 1421
2687 1483
2688 1389
2689 1418
2690 1448
2691 1477
2692 1516
2693 1544
2694 1515
2695 1520
2696 1605
2697 1567
2698 1678
2699 1629
2700 1684
2701 1691
2702 1654
2703 1695
2704 1755
2705 1745
2706 1754
2707 1793
2708 1764
2709 1818
2710 1873
2711 1884
2712 1861
2713 1924
2714 1982
2715 1980
2716 2047
2717 2014
2718 2063
2719 2029
2720 2059
2721 2090
2722 2178
2723 2050
2724 2096
2725 2181
2726 2114
2727 2172
2728 2266
2729 2200
2730 2246
2731 2231
2732 2286
2733 2216
2734 2287
2735 2142
2736 2354
2737 2412
2738 2296
2739 2450
2740 2398
2741 2474
2742 2391
2743 2420
2744 2339
2745 2485
2746 2530
2747 2400
2748 2512
2749 2519
2750 2434
2751 2429
2752 2500
2753 2476
2754 2506
2755 2457
2756 2501
2757 2395
2758 2354
2759 2460
2760 2320
2761 2356
2762 2330
2763 2447
2764 2330
2765 2287
2766 2314
2767 2255
2768 2224
2769 2179
2770 2227
2771 2146
2772 1979
2773 2079
2774 1969
2775 2009
2776 1962
2777 2022
2778 1913
2779 1822
2780 1907
2781 1870
2782 1736
2783 1891
2784 1742
2785 1675
2786 1743
2787 1780
2788 1701
2789 1712
2790 1705
2791 1676
2792 1675
2793 1606
2794 1658
2795 1739
2796 1547
2797 1571
2798 1572
2799 1599
2800 1555
2801 1532
2802 1608
2803 1529
2804 1577
2805 1572
2806 1599
2807 1586
2808 1567
2809 1554
2810 1588
2811 1524
2812 1648
2813 1573
2814 1610
2815 1571
2816 1555
2817 1627
2818 1617
2819 1578
2820 1662
2821 1604
2822 1620
2823 1596
2824 1655
2825 1630
2826 1671
2827 1613
2828 1643
2829 1632
2830 1625
2831 1621
2832 1616
2833 1661
2834 1669
2835 1637
2836 1736
2837 1638
2838 1735
2839 1698
2840 1760
2841 1731
2842 1733
2843 1770
2844 1790
2845 1753
2846 1821
2847 1798
2848 1780
2849 1823
2850 1822
2851 1835
2852 1934
2853 1890
2854 1976
2855 1854
2856 1930
2857 1964
2858 1869
2859 1946
2860 1884
2861 1948
2862 2024
2863 1999
2864 1906
2865 1989
2866 2077
2867 2064
2868 2031
2869 1973
2870 2002
2871 1981
2872 1990
2873 2076
2874 2072
2875 1950
2876 2038
2877 2047
2878 1987
2879 2033
2880 2078
2881 2040
2882 2114
2883 1996
2884 2033
2885 2056
2886 2070
2887 2093
2888 2074
2889 2092
2890 2018
2891 2064
2892 2040
2893 2029
2894 2099
2895 1962
2896 2150
2897 2140
2898 2114
2899 2008
2900 2024
2901 2026
2902 2047
2903 2073
2904 2084
2905 2022
2906 2060
2907 2091
2908 2087
2909 2096
2910 2051
2911 2101
2912 2133
2913 2016
2914 2077
2915 2118
2916 2111
2917 2191
2918 2098
2919 2158
2920 2069
2921 2083
2922 2139
2923 2118
2924 2074
2925 2117
2926 2091
2927 2183
2928 2213
2929 2172
2930 2266
2931 2150
2932 2154
2933 2245
2934 2231
2935 2295
2936 2257
2937 2239
2938 2172
2939 2277
2940 2292
2941 2275
2942 2314
2943 2292
2944 2371
2945 2344
2946 2351
2947 2331
2948 2404
2949 2414
2950 2336
2951 2451
2952 2412
2953 2423
2954 2434
2955 2473
2956 2384
2957 2343
2958 2405
2959 2440
2960 2456
2961 2402
2962 2541
2963 2442
2964 2430
2965 2487
2966 2493
2967 2514
2968 2520
2969 2580
2970 2589
2971 2545
2972 2587
2973 2664
2974 2562
2975 2540
2976 2665
2977 2549
2978 2603
2979 2678
2980 2693
2981 2802
2982 2688
2983 2792
2984 2742
2985 2787
2986 2721
2987 2695
2988 2646
2989 2774
2990 2887
2991 2870
2992 2949
2993 2910
2994 2994
2995 2959
2996 2880
2997 2962
2998 3078
2999 3006
3000 3055
3001 2961
3002 2970
3003 3141
3004 3187
3005 3049
3006 3259
3007 3135
3008 3191
3009 3066
3010 3169
3011 3165
3012 3326
3013 3140
3014 3274
3015 3204
3016 3292
3017 3308
3018 3296
3019 3251
3020 3276
3021 3387
3022 3369
3023 3259
3024 3374
3025 3420
3026 3233
3027 3424
3028 3382
3029 3280
3030 3323
3031 3381
3032 3344
3033 3310
3034 3391
3035 3305
3036 3333
3037 3389
3038 3330
3039 3477
3040 3401
3041 3317
3042 3387
3043 3454
3044 3491
3045 3428
3046 3472
3047 3463
3048 3519
3049 3590
3050 3407
3051 3559
3052 3579
3053 3500
3054 3465
3055 3645
3056 3682
3057 3651
3058 3681
3059 3707
3060 3748
3061 3671
3062 3789
3063 3804
3064 3686
3065 3710
3066 3828
3067 3892
3068 3838
3069 3965
3070 4064
3071 3993
3072 4080
3073 4035
3074 3858
3075 4024
3076 4047
3077 4002
3078 4140
3079 4157
3080 4154
3081 4069
3082 4132
3083 4141
3084 4216
3085 4097
3086 4414
3087 4289
3088 4248
3089 4282
3090 4429
3091 4323
3092 4375
3093 4451
3094 4360
3095 4423
3096 4390
3097 4559
3098 4408
3099 4544
3100 4657
3101 4534
3102 4498
3103 4566
3104 4647
3105 4598
3106 4685
3107 4581
3108 4566
3109 4698
3110 4626
3111 4620
3112 4843
3113 4687
3114 4788
3115 4832
3116 4749
3117 4853
3118 4763
3119 4729
3120 4804
3121 4832
3122 4858
3123 4938
3124 4826
3125 4840
3126 5012
3127 4930
3128 4811
3129 4927
3130 4923
3131 4942
3132 5004
3133 4932
3134 4930
3135 4956
3136 4921
3137 4888
3138 5005
3139 4921
3140 4947
3141 5034
3142 4882
3143 4934
3144 5196
3145 5066
3146 5136
3147 5091
3148 5058
3149 5059
3150 5051
3151 5171
3152 5078
3153 5036
3154 5188
3155 5197
3156 5342
3157 5253
3158 5265
3159 5405
3160 5522
3161 5353
3162 5516
3163 5609
3164 5731
3165 5712
3166 5863
3167 5937
3168 5900
3169 6035
3170 5960
3171 6226
3172 6198
3173 6375
3174 6510
3175 6611
3176 6680
3177 6824
3178 7200
3179 7283
3180 7474
3181 7747
3182 7819
3183 8349
3184 8530
3185 8889
3186 9245
3187 9662
3188 9984
3189 10660
3190 11322
3191 11953
3192 12425
3193 13446
3194 14309
3195 15039
3196 16122
3197 16984
3198 18440
3199 19474
3200 20608
3201 21927
3202 23748
3203 25053
3204 26911
3205 28594
3206 30701
3207 32418
3208 34478
3209 37109
3210 39130
3211 41042
3212 43916
3213 46411
3214 48980
3215 52010
3216 54747
3217 57580
3218 59656
3219 63080
3220 65742
3221 68708
3222 71248
3223 74118
3224 76948
3225 79423
3226 82598
3227 84798
3228 87172
3229 89966
3230 91962
3231 94734
3232 96803
3233 97941
3234 100070
3235 102038
3236 102831
3237 104502
3238 104667
3239 105303
3240 105586
3241 105751
3242 106031
3243 105758
3244 104827
3245 104290
3246 103853
3247 102197
3248 100880
3249 99160
3250 97088
3251 95472
3252 93247
3253 90398
3254 88001
3255 86183
3256 82838
3257 80537
3258 77436
3259 74130
3260 72215
3261 68721
3262 65923
3263 63160
3264 60145
3265 56830
3266 54398
3267 52106
3268 49225
3269 47311
3270 44362
3271 42064
3272 40068
3273 37948
3274 35755
3275 33657
3276 31989
3277 31028
3278 28692
3279 27393
3280 25762
3281 24964
3282 24066
3283 22547
3284 21957
3285 21142
3286 20387
3287 19682
3288 19127
3289 18766
3290 18302
3291 17750
3292 17516
3293 17307
3294 17169
3295 17115
3296 17239
3297 17242
3298 16907
3299 16975
3300 16938
3301 17037
3302 17082
3303 17308
3304 17765
3305 17987
3306 17889
3307 18056
3308 18350
3309 18391
3310 18545
3311 18913
3312 19352
3313 19565
3314 19768
3315 20116
3316 20728
3317 21153
3318 21127
3319 21323
3320 22177
3321 22262
3322 22878
3323 22983
3324 23566
3325 24135
3326 24145
3327 24757
3328 25426
3329 25772
3330 26191
3331 26576
3332 27165
3333 27549
3334 28144
3335 28313
3336 29114
3337 29515
3338 29993
3339 30820
3340 31293
3341 31768
3342 32228
3343 33042
3344 33609
3345 34266
3346 35194
3347 35656
3348 36095
3349 36882
3350 37135
3351 38043
3352 38330
3353 39330
3354 40230
3355 40815
3356 41307
3357 41932
3358 42377
3359 43398
3360 44150
3361 44717
3362 45436
3363 46076
3364 46920
3365 47772
3366 48399
3367 49290
3368 49991
3369 50752
3370 51382
3371 51776
3372 52582
3373 53800
3374 53995
3375 55198
3376 55452
3377 56214
3378 57160
3379 57570
3380 58868
3381 58970
3382 59948
3383 60389
3384 61096
3385 61735
3386 62660
3387 63243
3388 64019
3389 64754
3390 65136
3391 65808
3392 66639
3393 67532
3394 68320
3395 68663
3396 69084
3397 69525
3398 69799
3399 70887
3400 71244
3401 71903
3402 72720
3403 74023
3404 73862
3405 74542
3406 74530
3407 75358
3408 75888
3409 76397
3410 77048
3411 77468
3412 77682
3413 78002
3414 79055
3415 79348
3416 79686
3417 79684
3418 80499
3419 80713
3420 81133
3421 81158
3422 81612
3423 82048
3424 82658
3425 83244
3426 83079
3427 84127
3428 84434
3429 84378
3430 83986
3431 84583
3432 84887
3433 85665
3434 85674
3435 85817
3436 86533
3437 86315
3438 86766
3439 87112
3440 87495
3441 87845
3442 87309
3443 87981
3444 88472
3445 88729
3446 88523
3447 88949
3448 88837
3449 89074
3450 89150
3451 89222
3452 89140
3453 89918
3454 89992
3455 89944
3456 90931
3457 90715
3458 90782
3459 90760
3460 91568
3461 91989
3462 91884
3463 91989
3464 92532
3465 92974
3466 92649
3467 92647
3468 93766
3469 93930
3470 93835
3471 94093
3472 94584
3473 94429
3474 95380
3475 95659
3476 95998
3477 96009
3478 96746
3479 96971
3480 97617
3481 97053
3482 97522
3483 98572
3484 98695
3485 99271
3486 99247
3487 99058
3488 100015
3489 100238
3490 101320
3491 101378
3492 102270
3493 102688
3494 102998
3495 103908
3496 103924
3497 104132
3498 104888
3499 106308
3500 106067
3501 106555
3502 107630
3503 108630
3504 108797
3505 109093
3506 110474
3507 110998
3508 111812
3509 112500
3510 113903
3511 114520
3512 115663
3513 116809
3514 117679
3515 119357
3516 120993
3517 122093
3518 124096
3519 125157
3520 126880
3521 129154
3522 131826
3523 133337
3524 136086
3525 138828
3526 142306
3527 144743
3528 148478
3529 152274
3530 155740
3531 160255
3532 164748
3533 169695
3534 174869
3535 180406
3536 186575
3537 192745
3538 198693
3539 207200
3540 214120
3541 221327
3542 230093
3543 239461
3544 248044
3545 257517
3546 266900
3547 277689
3548 287815
3549 298611
3550 310227
3551 321854
3552 332905
3553 345524
3554 357127
3555 370350
3556 382738
3557 395759
3558 409252
3559 421685
3560 435090
3561 447290
3562 460325
3563 472484
3564 484462
3565 497071
3566 507581
3567 519965
3568 528869
3569 538469
3570 548388
3571 556359
3572 564604
3573 572483
3574 577761
3575 584047
3576 588583
3577 591238
3578 595037
3579 596872
3580 597485
3581 596266
3582 596223
3583 591622
3584 589437
3585 583014
3586 577361
3587 569846
3588 562031
3589 551546
3590 543545
3591 532550
3592 519875
3593 509851
3594 495718
3595 481317
3596 467241
3597 453254
3598 437291
3599 420798
3600 405980
3601 391353
3602 375383
3603 359285
3604 342422
3605 327628
3606 311407
3607 296379
3608 281175
3609 267176
3610 252007
3611 238896
3612 225656
3613 212267
3614 199947
3615 188658
3616 177237
3617 166441
3618 156064
3619 146827
3620 136731
3621 129540
3622 120195
3623 113972
3624 106248
3625 100032
3626 93684
3627 88948
3628 83136
3629 78001
3630 73220
3631 69708
3632 66298
3633 62392
3634 59372
3635 56663
3636 53827
3637 50901
3638 49103
3639 46668
3640 45253
3641 43082
3642 41692
3643 40058
3644 38811
3645 37855
3646 36293
3647 35222
3648 33931
3649 33373
3650 32574
3651 31541
3652 31105
3653 30487
3654 29825
3655 29150
3656 28538
3657 27954
3658 27655
3659 27527
3660 27143
3661 26655
3662 26617
3663 26117
3664 25652
3665 25725
3666 25471
3667 24978
3668 24915
3669 24409
3670 24214
3671 24085
3672 23833
3673 23822
3674 23538
3675 23530
3676 23180
3677 22986
3678 22827
3679 22498
3680 22274
3681 22540
3682 22286
3683 21995
3684 21737
3685 21563
3686 21360
3687 21157
3688 21082
3689 20879
3690 20739
3691 20372
3692 19910
3693 20071
3694 19577
3695 19199
3696 19206
3697 18859
3698 18526
3699 18470
3700 18262
3701 17877
3702 17381
3703 17649
3704 16873
3705 16884
3706 16632
3707 16129
3708 16154
3709 16058
3710 15264
3711 15462
3712 15023
3713 15000
3714 14671
3715 14549
3716 14143
3717 13917
3718 13756
3719 13565
3720 13572
3721 13337
3722 13126
3723 12998
3724 12700
3725 12484
3726 12438
3727 12089
3728 11955
3729 11691
3730 11516
3731 11619
3732 11161
3733 11087
3734 11137
3735 10821
3736 10619
3737 10422
3738 10241
3739 10293
3740 10047
3741 9858
3742 9995
3743 9853
3744 9554
3745 9466
3746 9362
3747 9146
3748 9280
3749 8951
3750 8795
3751 8684
3752 8694
3753 8422
3754 8253
3755 8112
3756 7863
3757 7879
3758 7835
3759 7641
3760 7661
3761 7324
3762 7206
3763 7243
3764 6950
3765 6820
3766 6878
3767 6757
3768 6647
3769 6504
3770 6248
3771 6129
3772 6189
3773 6083
3774 5964
3775 5775
3776 5672
3777 5544
3778 5516
3779 5343
3780 5322
3781 5175
3782 5145
3783 5019
3784 4970
3785 4750
3786 4730
3787 4575
3788 4406
3789 4496
3790 4394
3791 4290
3792 4122
3793 4044
3794 4051
3795 3986
3796 3838
3797 3831
3798 3633
3799 3516
3800 3498
3801 3475
3802 3461
3803 3349
3804 3273
3805 3243
3806 3080
3807 3171
3808 3035
3809 2937
3810 2930
3811 2829
3812 2849
3813 2784
3814 2718
3815 2602
3816 2658
3817 2533
3818 2485
3819 2511
3820 2376
3821 2442
3822 2415
3823 2272
3824 2286
3825 2170
3826 2272
3827 2243
3828 2090
3829 2056
3830 2117
3831 2189
3832 2005
3833 1941
3834 1960
3835 1983
3836 1901
3837 1918
3838 1866
3839 1902
3840 1819
3841 1722
3842 1789
3843 1749
3844 1779
3845 1833
3846 1801
3847 1753
3848 1723
3849 1756
3850 1733
3851 1676
3852 1704
3853 1648
3854 1743
3855 1606
3856 1624
3857 1656
3858 1642
3859 1652
3860 1608
3861 1684
3862 1673
3863 1555
3864 1636
3865 1553
3866 1564
3867 1597
3868 1532
3869 1566
3870 1567
3871 1502
3872 1514
3873 1506
3874 1539
3875 1374
3876 1410
3877 1472
3878 1425
3879 1478
3880 1423
3881 1363
3882 1349
3883 1365
3884 1321
3885 1283
3886 1256
3887 1263
3888 1252
3889 1270
3890 1148
3891 1217
3892 1214
3893 1173
3894 1226
3895 1081
3896 1197
3897 1139
3898 1144
3899 1150
3900 1114
3901 1163
3902 1073
3903 1101
3904 1082
3905 1033
3906 1114
3907 1016
3908 1029
3909 1088
3910 1055
3911 1083
3912 1055
3913 1016
3914 1074
3915 986
3916 961
3917 1047
3918 1011
3919 1006
3920 1015
3921 1024
3922 1051
3923 1036
3924 1053
3925 1068
3926 1113
3927 1030
3928 1120
3929 1068
3930 1105
3931 1068
3932 1019
3933 1071
3934 1147
3935 1101
3936 1140
3937 1061
3938 1122
3939 1131
3940 1163
3941 1037
3942 1177
3943 1091
3944 1121
3945 1093
3946 1158
3947 1072
3948 1119
3949 1152
3950 1154
3951 1141
3952 1135
3953 1046
3954 1159
3955 1091
3956 1130
3957 1081
3958 1104
3959 1157
3960 1144
3961 1105
3962 1094
3963 1196
3964 1072
3965 1102
3966 1097
3967 1111
3968 1088
3969 1134
3970 1127
3971 1160
3972 1124
3973 1117
3974 1204
3975 1176
3976 1180
3977 1222
3978 1172
3979 1296
3980 1209
3981 1274
3982 1270
3983 1302
3984 1303
3985 1323
3986 1318
3987 1326
3988 1338
3989 1375
3990 1285
3991 1410
3992 1420
3993 1403
3994 1460
3995 1493
3996 1495
3997 1517
3998 1494
3999 1511
4000 1578
4001 1548
4002 1516
4003 1510
4004 1579
4005 1520
4006 1648
4007 1614
4008 1646
4009 1596
4010 1537
4011 1663
4012 1574
4013 1490
4014 1532
4015 1526
4016 1492
4017 1642
4018 1507
4019 1571
4020 1396
4021 1456
4022 1497
4023 1305
4024 1390
4025 1357
4026 1346
4027 1330
4028 1293
4029 1248
4030 1228
4031 1194
4032 1162
4033 1224
4034 1134
4035 1129
4036 1059
4037 1120
4038 1043
4039 1011
4040 1027
4041 971
4042 989
4043 945
4044 964
4045 969
4046 916
4047 917
4048 908
4049 901
4050 911
4051 883
4052 869
4053 857
4054 922
4055 830
4056 870
4057 912
4058 955
4059 904
4060 952
4061 974
4062 993
4063 999
4064 994
4065 998
4066 1067
4067 1037
4068 1093
4069 1115
4070 1108
4071 1181
4072 1192
4073 1118
4074 1227
4075 1304
4076 1285
4077 1362
4078 1350
4079 1360
4080 1355
4081 1368
4082 1407
4083 1483
4084 1539
4085 1474
4086 1560
4087 1482
4088 1589
4089 1614
4090 1598
4091 1656
4092 1642
4093 1614
4094 1648
4095 0
